  6.27594e+23
  6.44036e+23
  2.55502e+23
 -3.59794e+23
 -3.12032e+23
  3.16496e+23
  6.44036e+23
  9.55107e+23
  7.03929e+23
 -9.26481e+22
 -4.30510e+23
 -4.38351e+22
  2.55502e+23
  7.03929e+23
  1.79417e+24
  2.19835e+24
  1.13708e+24
 -3.16283e+23
 -3.59794e+23
 -9.26481e+22
  2.19835e+24
  5.14595e+24
  5.58134e+24
 -3.40152e+23
 -3.12032e+23
 -4.30510e+23
  1.13708e+24
  5.58134e+24
  1.54192e+25
  2.03767e+25
  3.16496e+23
 -4.38351e+22
 -3.16283e+23
 -3.40152e+23
  2.03767e+25
  1.07015e+26
